# This file has automatically been generated
# biogeme 2.5 [Sat Jul 30 12:44:23 EDT 2016]
# <a href='http://people.epfl.ch/michel.bierlaire'>Michel Bierlaire</a>, <a href='http://transp-or.epfl.ch'>Transport and Mobility Laboratory</a>, <a href='http://www.epfl.ch'>Ecole Polytechnique F&eacute;d&eacute;rale de Lausanne (EPFL)</a>
# Thu Jan 19 14:12:33 2017</p>
#
ASC_ECUE = Beta('ASC_ECUE',2.01606,-10,10,0,'e-account cte.' )

ASC_FOND = Beta('ASC_FOND',-0.35454,-10,10,0,'Funds cte.' )

ASC_HIP = Beta('ASC_HIP',-1.53113,-10,10,0,'Mortgage cte.' )

ASC_PLAN = Beta('ASC_PLAN',-1.31277,-10,10,0,'Pensions cte.' )

ASC_PRES = Beta('ASC_PRES',-3.28668,-10,10,0,'Loans cte.' )

ASC_RECA = Beta('ASC_RECA',0.933595,-10,10,0,'Taxes cte.' )

ASC_TJCR = Beta('ASC_TJCR',0,-10,10,1,'Credit Card cte.' )

B_JAN = Beta('B_JAN',0.919046,-10,10,0,'January' )

B_FEB = Beta('B_FEB',0.927734,-10,10,0,'February' )

B_MAR = Beta('B_MAR',1.10411,-10,10,0,'March' )

B_APR = Beta('B_APR',1.05698,-10,10,0,'April' )

B_MAY = Beta('B_MAY',1.04902,-10,10,0,'May' )

B_JUN = Beta('B_JUN',0.960569,-10,10,0,'June' )

B_JUL = Beta('B_JUL',1.12419,-10,10,0,'July' )

B_AUG = Beta('B_AUG',1.24488,-10,10,0,'August' )

B_SEP = Beta('B_SEP',1.07714,-10,10,0,'September' )

B_OCT = Beta('B_OCT',0,-10,10,1,'October' )

B_NOV = Beta('B_NOV',1.06054,-10,10,0,'November' )

B_DEC = Beta('B_DEC',0.969056,-10,10,0,'December' )

ASC_VALO = Beta('ASC_VALO',-0.746002,-10,10,0,'Securities cte.' )

ASC_VIV = Beta('ASC_VIV',-3.28878,-10,10,0,'Home Account cte.' )

ASC_NOMINA = Beta('ASC_NOMINA',0.0938717,-10,10,0,'Payroll cte.' )

ASC_NOMPENS = Beta('ASC_NOMPENS',-1.22625,-10,10,0,'Pensions cte.' )

ASC_RECIBO = Beta('ASC_RECIBO',2.02744,-10,10,0,'Direct Debit cte.' )


## Code for the sensitivity analysis
names = ['ASC_ECUE','ASC_FOND','ASC_HIP','ASC_NOMINA','ASC_NOMPENS','ASC_PLAN','ASC_PRES','ASC_RECA','ASC_RECIBO','ASC_VALO','ASC_VIV','B_APR','B_AUG','B_DEC','B_FEB','B_JAN','B_JUL','B_JUN','B_MAR','B_MAY','B_NOV','B_SEP']
values = [[0.000470871,0.000460651,0.000461024,0.000461072,0.000458219,0.000461097,0.000460662,0.000460737,0.000461536,0.000461635,0.000460895,0.000464522,0.000464847,0.000464708,0.000464664,0.000464616,0.00046479,0.000464441,0.000464656,0.000464425,0.000464907,0.00046517],[0.000460651,0.000572316,0.000461218,0.000461266,0.000458413,0.000461292,0.000460856,0.000460931,0.00046173,0.000461829,0.000461089,0.000464748,0.000464376,0.000465085,0.000465068,0.000465308,0.000464413,0.000464657,0.000464858,0.000465008,0.000464874,0.000464928],[0.000461024,0.000461218,0.000823124,0.000461639,0.000458786,0.000461665,0.000461229,0.000461304,0.000462103,0.000462202,0.000461462,0.000465364,0.000464948,0.000465329,0.000465811,0.000466039,0.000465262,0.000464296,0.000465152,0.000465102,0.000465697,0.00046475],[0.000461072,0.000461266,0.000461639,0.000532876,0.000458833,0.000461712,0.000461277,0.000461352,0.00046215,0.00046225,0.00046151,0.000465439,0.000464244,0.000465263,0.0004657,0.000465907,0.000464573,0.000466302,0.000465151,0.000464891,0.00046497,0.000465655],[0.000458219,0.000458413,0.000458786,0.000458833,0.000722504,0.000458859,0.000458423,0.000458498,0.000459297,0.000459397,0.000458656,0.000459385,0.000465058,0.000464605,0.000458618,0.000462158,0.000461861,0.000456449,0.000465305,0.000464887,0.000464954,0.000465092],[0.000461097,0.000461292,0.000461665,0.000461712,0.000458859,0.000752351,0.000461302,0.000461377,0.000462176,0.000462276,0.000461535,0.000465426,0.000465376,0.000465183,0.000465679,0.000464686,0.000464969,0.000465398,0.00046525,0.000465463,0.000465713,0.000465363],[0.000460662,0.000460856,0.000461229,0.000461277,0.000458423,0.000461302,0.00255292,0.000460942,0.00046174,0.00046184,0.0004611,0.000465488,0.000465776,0.000465098,0.000465532,0.000465599,0.000463537,0.000464136,0.000465159,0.000464775,0.000464994,0.000462445],[0.000460737,0.000460931,0.000461304,0.000461352,0.000458498,0.000461377,0.000460942,0.000491759,0.000461815,0.000461915,0.000461175,0.000464711,0.000464991,0.000465045,0.00046528,0.000465277,0.00046443,0.000463588,0.00046552,0.000465192,0.000465164,0.000464966],[0.000461536,0.00046173,0.000462103,0.00046215,0.000459297,0.000462176,0.00046174,0.000461815,0.00047291,0.000462714,0.000461973,0.000466158,0.000465798,0.000465614,0.000465751,0.000465796,0.000466086,0.000466594,0.000465496,0.000465933,0.000465397,0.000465183],[0.000461635,0.000461829,0.000462202,0.00046225,0.000459397,0.000462276,0.00046184,0.000461915,0.000462714,0.000627694,0.000462073,0.000465709,0.000464702,0.000466555,0.000465973,0.000463467,0.000465638,0.000466654,0.000466886,0.000465954,0.000466549,0.000466028],[0.000460895,0.000461089,0.000461462,0.00046151,0.000458656,0.000461535,0.0004611,0.000461175,0.000461973,0.000462073,0.00255777,0.000465347,0.000466969,0.000465212,0.000465381,0.000465087,0.000464273,0.000464463,0.000465584,0.000464582,0.00046535,0.000464319],[0.000464522,0.000464748,0.000465364,0.000465439,0.000459385,0.000465426,0.000465488,0.000464711,0.000466158,0.000465709,0.000465347,0.000705422,0.000465178,0.000465178,0.000465178,0.000465178,0.000465178,0.000465178,0.000465178,0.000465178,0.000465178,0.000465178],[0.000464847,0.000464376,0.000464948,0.000464244,0.000465058,0.000465376,0.000465776,0.000464991,0.000465798,0.000464702,0.000466969,0.000465178,0.00100155,0.000465178,0.000465178,0.000465178,0.000465178,0.000465178,0.000465178,0.000465178,0.000465178,0.000465178],[0.000464708,0.000465085,0.000465329,0.000465263,0.000464605,0.000465183,0.000465098,0.000465045,0.000465614,0.000466555,0.000465212,0.000465178,0.000465178,0.000938847,0.000465178,0.000465178,0.000465178,0.000465178,0.000465178,0.000465178,0.000465178,0.000465178],[0.000464664,0.000465068,0.000465811,0.0004657,0.000458618,0.000465679,0.000465532,0.00046528,0.000465751,0.000465973,0.000465381,0.000465178,0.000465178,0.000465178,0.000741464,0.000465178,0.000465178,0.000465178,0.000465178,0.000465178,0.000465178,0.000465178],[0.000464616,0.000465308,0.000466039,0.000465907,0.000462158,0.000464686,0.000465599,0.000465277,0.000465796,0.000463467,0.000465087,0.000465178,0.000465178,0.000465178,0.000465178,0.00101025,0.000465178,0.000465178,0.000465178,0.000465178,0.000465178,0.000465178],[0.00046479,0.000464413,0.000465262,0.000464573,0.000461861,0.000464969,0.000463537,0.00046443,0.000466086,0.000465638,0.000464273,0.000465178,0.000465178,0.000465178,0.000465178,0.000465178,0.000940404,0.000465178,0.000465178,0.000465178,0.000465178,0.000465178],[0.000464441,0.000464657,0.000464296,0.000466302,0.000456449,0.000465398,0.000464136,0.000463588,0.000466594,0.000466654,0.000464463,0.000465178,0.000465178,0.000465178,0.000465178,0.000465178,0.000465178,0.000905799,0.000465178,0.000465178,0.000465178,0.000465178],[0.000464656,0.000464858,0.000465152,0.000465151,0.000465305,0.00046525,0.000465159,0.00046552,0.000465496,0.000466886,0.000465584,0.000465178,0.000465178,0.000465178,0.000465178,0.000465178,0.000465178,0.000465178,0.000714786,0.000465178,0.000465178,0.000465178],[0.000464425,0.000465008,0.000465102,0.000464891,0.000464887,0.000465463,0.000464775,0.000465192,0.000465933,0.000465954,0.000464582,0.000465178,0.000465178,0.000465178,0.000465178,0.000465178,0.000465178,0.000465178,0.000465178,0.000740249,0.000465178,0.000465178],[0.000464907,0.000464874,0.000465697,0.00046497,0.000464954,0.000465713,0.000464994,0.000465164,0.000465397,0.000466549,0.00046535,0.000465178,0.000465178,0.000465178,0.000465178,0.000465178,0.000465178,0.000465178,0.000465178,0.000465178,0.000979173,0.000465178],[0.00046517,0.000464928,0.00046475,0.000465655,0.000465092,0.000465363,0.000462445,0.000464966,0.000465183,0.000466028,0.000464319,0.000465178,0.000465178,0.000465178,0.000465178,0.000465178,0.000465178,0.000465178,0.000465178,0.000465178,0.000465178,0.000955443]]
vc = bioMatrix(22,names,values)
BIOGEME_OBJECT.VARCOVAR = vc
